      0/49        0G       4.8        20      2.46      27.2       277       576     0.014    0.0742   0.00577    0.0235      4.56      10.1      1.29
      1/49        0G      4.28      10.8      1.27      16.3       267       576    0.0872     0.265     0.101     0.131      3.48      5.77     0.743
      2/49        0G      4.13      10.7     0.723      15.6       267       384     0.073     0.391     0.146     0.123      4.28      5.34      0.53
      3/49        0G      3.94       8.7     0.572      13.2       262       448    0.0892     0.349      0.14     0.142      3.15      5.09      0.43
      4/49        0G      3.74      9.54     0.515      13.8       265       320     0.162      0.38     0.187     0.126      4.55      5.45     0.381
      5/49        0G      4.01      9.05     0.443      13.5       268       320     0.582     0.501     0.284     0.281      3.62      5.22     0.314
      6/49        0G      3.77      7.33     0.387      11.5       269       640      0.34     0.567     0.297     0.344      3.08      4.72     0.265
      7/49        0G      3.46      6.52     0.337      10.3       236       352     0.399     0.609     0.437      0.42      2.98      4.45     0.214
      8/49        0G      3.48      7.69     0.321      11.5       242       320     0.245     0.789     0.454      0.37      3.84      4.32     0.164
      9/49        0G      3.52      8.77     0.314      12.6       239       384     0.213     0.648     0.359     0.317       3.5      4.75       0.2
     10/49        0G      3.61      7.89     0.286      11.8       236       352     0.178     0.613     0.322     0.275      3.07      4.54     0.133
     11/49        0G      3.32       7.7     0.274      11.3       234       320     0.248     0.718     0.403     0.362      3.69      4.39     0.127
     12/49        0G      3.32      8.37     0.258      11.9       268       640     0.254     0.855     0.438     0.389      2.74      4.53     0.117
     13/49        0G      3.06      7.33     0.229      10.6       239       352     0.289     0.856     0.492      0.43      2.58      4.34     0.111
     14/49        0G      3.05      6.94     0.211      10.2       263       512     0.327      0.82     0.466     0.465      2.46      4.24    0.0991
     15/49        0G      3.13       7.5     0.201      10.8       266       352     0.334     0.919     0.615     0.489      2.13      4.24     0.107
     16/49        0G      2.79      6.16     0.175      9.12       253       384      0.32     0.903     0.631     0.472       2.2      3.97    0.0859
     17/49        0G      2.99      6.51     0.191      9.68       258       384      0.35     0.918     0.637     0.507       2.1      4.08    0.0858
     18/49        0G      2.63      5.48     0.164      8.27       251       640     0.339     0.715     0.494     0.456       2.3      3.78    0.0779
     19/49        0G      2.65      5.55     0.168      8.36       245       576     0.289     0.924     0.573      0.44      2.29      3.63    0.0705
     20/49        0G      2.36      4.53     0.142      7.03       243       640     0.385     0.969      0.76     0.551      1.83       3.6    0.0654
     21/49        0G      2.81      5.85     0.175      8.83       261       544     0.401     0.935     0.718      0.56      1.98      3.53    0.0661
     22/49        0G      2.88      5.97     0.185      9.03       237       448     0.396     0.931     0.685     0.554      1.91      3.61     0.066
     23/49        0G      2.49      5.06     0.156      7.71       236       608       0.4     0.908     0.745     0.553         2       3.5    0.0633
     24/49        0G      2.37      4.33     0.137      6.85       263       640     0.417     0.896     0.745     0.569      1.81      3.56    0.0602
     25/49        0G      2.43      4.77     0.149      7.35       245       512     0.409     0.908     0.793     0.564      1.81      3.37    0.0614
     26/49        0G      2.76      5.23      0.17      8.17       267       416     0.488     0.915     0.764     0.634      1.69      3.56    0.0633
     27/49        0G      2.42      4.98     0.167      7.57       236       640     0.455     0.919     0.774     0.607      1.73      3.42    0.0688
     28/49        0G      2.01      4.18     0.121      6.31       209       512     0.439     0.908     0.747     0.591      1.79      3.43     0.061
     29/49        0G      2.31      4.81     0.146      7.27       240       640     0.488      0.95     0.817     0.641      1.65       3.4    0.0547
