0 0.5164062500000001 0.45 0.1765625 0.17916666666666667
0 0.734375 0.26979166666666665 0.19375 0.20625
0 0.56484375 0.25625 0.15781250000000002 0.2
0 0.1875 0.40729166666666666 0.153125 0.22708333333333333
0 0.340625 0.565625 0.153125 0.22708333333333333
0 0.371875 0.621875 0.153125 0.22708333333333333
0 0.9382812500000001 0.45 0.1234375 0.21666666666666667
0 0.9390625 0.6041666666666666 0.12187500000000001 0.2
0 0.92109375 0.7270833333333333 0.15781250000000002 0.2
0 0.92109375 0.8041666666666667 0.15781250000000002 0.2
0 0.09609375 0.084375 0.15781250000000002 0.16458333333333333
0 0.11406250000000001 0.2708333333333333 0.146875 0.19583333333333333
0 0.5890625 0.08229166666666667 0.16562500000000002 0.16041666666666665
0 0.775 0.08229166666666667 0.16562500000000002 0.16041666666666665
1 0.18281250000000002 0.6697916666666667 0.19687500000000002 0.3854166666666667
1 0.60546875 0.68125 0.38593750000000004 0.3125
