1 0.20546875 0.3770833333333333 0.18281250000000002 0.22916666666666666
0 0.7429687500000001 0.3229166666666667 0.1859375 0.2375
0 0.6484375 0.7864583333333334 0.16875 0.20208333333333334
0 0.39375000000000004 0.24479166666666666 0.209375 0.24375
0 0.08125 0.8354166666666667 0.15625 0.175
0 0.5554687500000001 0.6375 0.19843750000000002 0.2125
0 0.56875 0.4125 0.19375 0.20833333333333334
0 0.46484375 0.4614583333333333 0.1859375 0.21875
0 0.09140625000000001 0.609375 0.1796875 0.21875
0 0.31953125000000004 0.10520833333333333 0.1703125 0.20625
